-6679.654035181275	0.020447368421052655
-8628.12011682754	0.09821428571428573
-8628.12011682754	0.09821428571428573
-6679.654035181275	0.020447368421052655
-6934.419621926932	0.02936842105263159
-7823.854035146261	0.040175000000000016
-8563.856167798145	0.07862500000000001
-7823.854035146261	0.040175000000000016
-6934.419621926932	0.02936842105263159
-8478.062383295552	0.06777500000000002
-8417.766030563005	0.052526315789473664
-8117.575914003062	0.04144736842105259
-8559.106507272347	0.07217499999999999
-8417.766030563005	0.052526315789473664
-8395.95834916307	0.04628947368421053
-8263.712208091167	0.0453684210526316
-8478.062383295552	0.06777500000000002
-8404.339515551204	0.047105263157894706
-8507.105686561117	0.07115
-8173.785469086074	0.044736842105263144
-8263.712208091167	0.0453684210526316
-8135.668400522282	0.041868421052631596
-8160.326924975971	0.04426315789473685
-8507.105686561117	0.07115
-8117.575914003062	0.04144736842105259
-8160.326924975971	0.04426315789473685
-8135.668400522282	0.041868421052631596
-8404.339515551204	0.047105263157894706
-8559.106507272347	0.07217499999999999
-6679.654035181275	0.020447368421052655
-7823.854035146261	0.040175000000000016
-6934.419621926932	0.02936842105263159
-8417.766030563005	0.052526315789473664
-8478.062383295552	0.06777500000000002
-8263.712208091167	0.0453684210526316
-8507.105686561117	0.07115
-8160.326924975971	0.04426315789473685
-8117.575914003062	0.04144736842105259
-8404.339515551204	0.047105263157894706
-8559.106507272347	0.07217499999999999
-6679.654035181275	0.020447368421052655
-7823.854035146261	0.040175000000000016
-8417.766030563005	0.052526315789473664
-8478.062383295552	0.06777500000000002
-8263.712208091167	0.0453684210526316
-8117.575914003062	0.04144736842105259
-8160.326924975971	0.04426315789473685
-8507.105686561117	0.07115
-8404.339515551204	0.047105263157894706
-6679.654035181275	0.020447368421052655
-7823.854035146261	0.040175000000000016
-8417.766030563005	0.052526315789473664
-8263.712208091167	0.0453684210526316
-8478.062383295552	0.06777500000000002
-8117.575914003062	0.04144736842105259
-8160.326924975971	0.04426315789473685
-8404.339515551204	0.047105263157894706
-6679.654035181275	0.020447368421052655
-8417.766030563005	0.052526315789473664
-8263.712208091167	0.0453684210526316
-8478.062383295552	0.06777500000000002
-8117.575914003062	0.04144736842105259
-8160.326924975971	0.04426315789473685
-8404.339515551204	0.047105263157894706
-8417.766030563005	0.052526315789473664
-8263.712208091167	0.0453684210526316
-8478.062383295552	0.06777500000000002
-8117.575914003062	0.04144736842105259
-8160.326924975971	0.04426315789473685
-8404.339515551204	0.047105263157894706
-8417.766030563005	0.052526315789473664
-8263.712208091167	0.0453684210526316
-8478.062383295552	0.06777500000000002
-8117.575914003062	0.04144736842105259
-8160.326924975971	0.04426315789473685
-8404.339515551204	0.047105263157894706
-8417.766030563005	0.052526315789473664
-8263.712208091167	0.0453684210526316
-8478.062383295552	0.06777500000000002
-8117.575914003062	0.04144736842105259
-8160.326924975971	0.04426315789473685
-8404.339515551204	0.047105263157894706
-8417.766030563005	0.052526315789473664
-8478.062383295552	0.06777500000000002
-8117.575914003062	0.04144736842105259
-8404.339515551204	0.047105263157894706
-8478.062383295552	0.06777500000000002
-8117.575914003062	0.04144736842105259
-8404.339515551204	0.047105263157894706
-8478.062383295552	0.06777500000000002
-8117.575914003062	0.04144736842105259
-8404.339515551204	0.047105263157894706
-8478.062383295552	0.06777500000000002
-8117.575914003062	0.04144736842105259
-8404.339515551204	0.047105263157894706
-8478.062383295552	0.06777500000000002
-8117.575914003062	0.04144736842105259
-8404.339515551204	0.047105263157894706
-8478.062383295552	0.06777500000000002
-8117.575914003062	0.04144736842105259
