-3366.234254733629	0.07264285714285716
-3366.234254733629	0.07264285714285716
-1817.8179044732346	0.001083333333333338
-1817.8179044732346	0.001083333333333338
-3326.032559919161	0.019083333333333324
-3358.3214143375412	0.05621428571428572
-2567.7723206004216	0.003750000000000055
-3164.3255857535055	0.004999999999999997
-2567.7723206004216	0.003750000000000055
-3207.3831289197187	0.018500000000000013
-3361.936681653115	0.059916666666666646
-3169.1967664932486	0.009200000000000002
-3169.1967664932486	0.009200000000000002
-3358.3214143375412	0.05621428571428572
-3361.936681653115	0.059916666666666646
-3207.3831289197187	0.018500000000000013
-3326.032559919161	0.019083333333333324
-3164.3255857535055	0.004999999999999997
-2567.7723206004216	0.003750000000000055
-3169.1967664932486	0.009200000000000002
-3358.3214143375412	0.05621428571428572
-3361.936681653115	0.059916666666666646
-3207.3831289197187	0.018500000000000013
-3326.032559919161	0.019083333333333324
-2567.7723206004216	0.003750000000000055
-3169.1967664932486	0.009200000000000002
-3358.3214143375412	0.05621428571428572
-3361.936681653115	0.059916666666666646
-3207.3831289197187	0.018500000000000013
-3326.032559919161	0.019083333333333324
-2567.7723206004216	0.003750000000000055
-3169.1967664932486	0.009200000000000002
-3358.3214143375412	0.05621428571428572
-3361.936681653115	0.059916666666666646
-3207.3831289197187	0.018500000000000013
-3326.032559919161	0.019083333333333324
-2567.7723206004216	0.003750000000000055
-3169.1967664932486	0.009200000000000002
-3358.3214143375412	0.05621428571428572
-3361.936681653115	0.059916666666666646
-3207.3831289197187	0.018500000000000013
-3326.032559919161	0.019083333333333324
-3169.1967664932486	0.009200000000000002
-3358.3214143375412	0.05621428571428572
-3361.936681653115	0.059916666666666646
-3207.3831289197187	0.018500000000000013
-3326.032559919161	0.019083333333333324
-3169.1967664932486	0.009200000000000002
-3358.3214143375412	0.05621428571428572
-3361.936681653115	0.059916666666666646
-3207.3831289197187	0.018500000000000013
-3326.032559919161	0.019083333333333324
-3169.1967664932486	0.009200000000000002
-3358.3214143375412	0.05621428571428572
-3361.936681653115	0.059916666666666646
-3207.3831289197187	0.018500000000000013
-3326.032559919161	0.019083333333333324
-3169.1967664932486	0.009200000000000002
-3358.3214143375412	0.05621428571428572
-3361.936681653115	0.059916666666666646
-3207.3831289197187	0.018500000000000013
-3326.032559919161	0.019083333333333324
-3169.1967664932486	0.009200000000000002
-3358.3214143375412	0.05621428571428572
-3361.936681653115	0.059916666666666646
-3207.3831289197187	0.018500000000000013
-3326.032559919161	0.019083333333333324
-3169.1967664932486	0.009200000000000002
-3358.3214143375412	0.05621428571428572
-3361.936681653115	0.059916666666666646
-3207.3831289197187	0.018500000000000013
-3326.032559919161	0.019083333333333324
-3169.1967664932486	0.009200000000000002
-3358.3214143375412	0.05621428571428572
-3361.936681653115	0.059916666666666646
-3207.3831289197187	0.018500000000000013
-3326.032559919161	0.019083333333333324
-3169.1967664932486	0.009200000000000002
-3358.3214143375412	0.05621428571428572
-3361.936681653115	0.059916666666666646
-3207.3831289197187	0.018500000000000013
-3326.032559919161	0.019083333333333324
-3169.1967664932486	0.009200000000000002
-3361.936681653115	0.059916666666666646
-3207.3831289197187	0.018500000000000013
-3326.032559919161	0.019083333333333324
-3169.1967664932486	0.009200000000000002
-3361.936681653115	0.059916666666666646
-3326.032559919161	0.019083333333333324
-3361.936681653115	0.059916666666666646
-3326.032559919161	0.019083333333333324
-3361.936681653115	0.059916666666666646
-3326.032559919161	0.019083333333333324
-3361.936681653115	0.059916666666666646
-3326.032559919161	0.019083333333333324
-3361.936681653115	0.059916666666666646
-3326.032559919161	0.019083333333333324
-3361.936681653115	0.059916666666666646
-3326.032559919161	0.019083333333333324
-3361.936681653115	0.059916666666666646
