-3393.85418640094	0.06308333333333338
-2466.749242550594	0.001416666666666662
-3393.85418640094	0.06308333333333338
-3177.374790444733	0.00500000000000002
-2501.098377897959	0.0026666666666666653
-3245.53757601806	0.04741666666666654
-3237.4942638812095	0.021583333333333257
-3193.844877934776	0.02066666666666669
-3299.413892777282	0.05008333333333339
-3302.749505169384	0.05764285714285703
-3347.009953635308	0.06078571428571439
-3322.666983669828	0.057928571428571364
-3347.009953635308	0.06078571428571439
-3177.374790444733	0.00500000000000002
-3245.53757601806	0.04741666666666654
-3299.413892777282	0.05008333333333339
-3193.844877934776	0.02066666666666669
-3322.666983669828	0.057928571428571364
-3237.4942638812095	0.021583333333333257
-3302.749505169384	0.05764285714285703
-3393.85418640094	0.06308333333333338
-3347.009953635308	0.06078571428571439
-3177.374790444733	0.00500000000000002
-3245.53757601806	0.04741666666666654
-3299.413892777282	0.05008333333333339
-3322.666983669828	0.057928571428571364
-3237.4942638812095	0.021583333333333257
-3302.749505169384	0.05764285714285703
-3393.85418640094	0.06308333333333338
-3347.009953635308	0.06078571428571439
-3177.374790444733	0.00500000000000002
-3245.53757601806	0.04741666666666654
-3299.413892777282	0.05008333333333339
-3322.666983669828	0.057928571428571364
-3237.4942638812095	0.021583333333333257
-3302.749505169384	0.05764285714285703
-3393.85418640094	0.06308333333333338
-3347.009953635308	0.06078571428571439
-3177.374790444733	0.00500000000000002
-3245.53757601806	0.04741666666666654
-3299.413892777282	0.05008333333333339
-3322.666983669828	0.057928571428571364
-3237.4942638812095	0.021583333333333257
-3302.749505169384	0.05764285714285703
-3393.85418640094	0.06308333333333338
-3347.009953635308	0.06078571428571439
-3177.374790444733	0.00500000000000002
-3245.53757601806	0.04741666666666654
-3299.413892777282	0.05008333333333339
-3322.666983669828	0.057928571428571364
-3237.4942638812095	0.021583333333333257
-3393.85418640094	0.06308333333333338
-3347.009953635308	0.06078571428571439
-3177.374790444733	0.00500000000000002
-3245.53757601806	0.04741666666666654
-3299.413892777282	0.05008333333333339
-3322.666983669828	0.057928571428571364
-3237.4942638812095	0.021583333333333257
-3393.85418640094	0.06308333333333338
-3347.009953635308	0.06078571428571439
-3177.374790444733	0.00500000000000002
-3245.53757601806	0.04741666666666654
-3299.413892777282	0.05008333333333339
-3322.666983669828	0.057928571428571364
-3237.4942638812095	0.021583333333333257
-3393.85418640094	0.06308333333333338
-3347.009953635308	0.06078571428571439
-3177.374790444733	0.00500000000000002
-3245.53757601806	0.04741666666666654
-3299.413892777282	0.05008333333333339
-3322.666983669828	0.057928571428571364
-3237.4942638812095	0.021583333333333257
-3393.85418640094	0.06308333333333338
-3347.009953635308	0.06078571428571439
-3177.374790444733	0.00500000000000002
-3245.53757601806	0.04741666666666654
-3299.413892777282	0.05008333333333339
-3322.666983669828	0.057928571428571364
-3237.4942638812095	0.021583333333333257
-3393.85418640094	0.06308333333333338
-3347.009953635308	0.06078571428571439
-3177.374790444733	0.00500000000000002
-3245.53757601806	0.04741666666666654
-3299.413892777282	0.05008333333333339
-3322.666983669828	0.057928571428571364
-3237.4942638812095	0.021583333333333257
-3393.85418640094	0.06308333333333338
-3347.009953635308	0.06078571428571439
-3177.374790444733	0.00500000000000002
-3245.53757601806	0.04741666666666654
-3299.413892777282	0.05008333333333339
-3322.666983669828	0.057928571428571364
-3237.4942638812095	0.021583333333333257
-3393.85418640094	0.06308333333333338
-3347.009953635308	0.06078571428571439
-3245.53757601806	0.04741666666666654
-3299.413892777282	0.05008333333333339
-3322.666983669828	0.057928571428571364
-3237.4942638812095	0.021583333333333257
-3393.85418640094	0.06308333333333338
